Initialized
Press Enter to quit...
Connected
(27.0833, 105.68, 28.9204)
(27.3576, 104.024, 28.8069)
(27.9255, 101.928, 27.2654)
(28.9634, 99.7924, 24.9875)
(30.0097, 97.9368, 22.5555)
(30.8253, 96.7854, 20.6111)
(31.1061, 95.1073, 18.659)
(31.4029, 94.2883, 17.2828)
(31.652, 93.8853, 16.3953)
(31.4603, 92.9931, 14.8661)
(31.2344, 92.3305, 13.943)
(30.825, 91.5641, 13.1091)
(30.4893, 91.0253, 12.5614)
(30.2816, 90.7458, 12.2841)
(29.8832, 90.3312, 11.8878)
(29.5508, 89.9836, 11.5147)
(29.3386, 89.7616, 11.2765)
(29.1269, 89.6781, 11.1357)
(28.9667, 89.6083, 11.0313)
(28.8608, 89.5528, 10.9696)
(28.7776, 89.5114, 10.9213)
(28.7366, 89.4912, 10.8872)
(28.7285, 89.4881, 10.8664)
(28.7376, 89.4923, 10.8454)
(28.7697, 89.5066, 10.8058)
(28.8553, 89.546, 10.7322)
(28.9516, 89.5663, 10.6801)
(29.0732, 89.5858, 10.6344)
(29.2137, 89.6237, 10.5936)
(29.3951, 89.6977, 10.5551)
(29.5993, 89.7878, 10.5248)
(29.7869, 89.892, 10.5052)
(29.9614, 89.9765, 10.4935)
(30.1113, 90.0501, 10.4956)
(30.2374, 90.1124, 10.5039)
(30.3514, 90.1709, 10.5134)
(30.4629, 90.2317, 10.5264)
(30.5629, 90.2844, 10.5457)
(30.6674, 90.3194, 10.5943)
(30.7795, 90.3551, 10.6479)
(30.9019, 90.3845, 10.7134)
(31.0421, 90.4296, 10.7964)
(31.1712, 90.4565, 10.8841)
(31.2907, 90.4685, 10.9739)
(31.4457, 90.4515, 11.141)
(31.5961, 90.3844, 11.3034)
(31.7714, 90.2935, 11.479)
(31.9813, 90.1594, 11.6628)
(32.2696, 90.003, 11.8538)
(32.6247, 89.8437, 12.0248)
(33.0856, 89.6403, 12.2063)
(33.6934, 89.3954, 12.4086)
(34.46, 89.1862, 12.5813)
(35.2684, 88.9444, 12.7312)
(36.2146, 88.7448, 12.842)
(37.284, 88.4824, 12.979)
(38.3831, 88.2215, 13.0556)
(39.5597, 88.0171, 13.1698)
(40.8271, 87.9128, 13.2352)
(42.1601, 87.8901, 13.269)
(43.6356, 88.0105, 13.3058)
(45.2994, 88.1847, 13.3807)
(46.9851, 88.4493, 13.3854)
(48.6084, 88.7218, 13.4411)
(50.4027, 89.0363, 13.4277)
(52.3331, 89.4269, 13.5086)
(54.2451, 89.7759, 13.558)
(56.1097, 90.267, 13.4997)
(58.007, 90.4383, 13.8459)
(60.0599, 91.2287, 13.6618)
(62.2525, 92.1898, 13.3523)
(64.2432, 93.0941, 13.0444)
(66.2635, 94.1312, 12.784)
(68.2991, 95.1302, 13.4603)
(70.4927, 96.4458, 13.4701)
(72.6846, 98.0494, 13.274)
(74.7627, 99.6223, 12.9156)
(76.7702, 101.42, 12.5459)
(78.5936, 103.15, 12.3155)
(80.2887, 104.988, 12.1361)
(81.7828, 107.115, 12.0895)
(83.4279, 109.89, 12.1902)
(84.8543, 113.015, 12.5661)
(86.0465, 116.283, 12.8722)
(87.2188, 119.634, 13.3049)
(88.3497, 123.481, 13.8791)
(89.2534, 127.545, 14.2665)
(89.9869, 131.787, 14.7234)
(90.9104, 136.361, 15.0419)
(91.8529, 141.06, 15.6507)
(92.5477, 145.707, 16.1896)
(93.2701, 150.555, 16.8774)
(93.8597, 155.034, 17.401)
(94.4284, 159.704, 17.9009)
(94.8364, 164.621, 18.5905)
(95.1639, 169.372, 18.9832)
(95.34, 174.02, 19.3221)
(95.6187, 178.916, 20.0432)
(95.7956, 183.698, 20.5152)
(95.8913, 188.419, 20.7944)
(96.1706, 193.369, 21.0572)
(96.5439, 198.419, 21.3591)
(96.862, 203.472, 21.5173)
(97.2343, 208.559, 21.4641)
(97.6457, 213.549, 21.5802)
(98.1454, 218.578, 21.876)
(98.5103, 223.489, 22.0293)
(98.7662, 228.323, 22.1005)
(98.9566, 232.961, 22.3134)
(98.9431, 237.462, 22.6242)
(98.7927, 241.87, 23.0433)
(98.4174, 246.033, 22.9453)
(97.755, 250.269, 23.1901)
(96.9975, 254.067, 23.6463)
(96.3661, 257.852, 24.186)
(95.2965, 261.351, 24.9789)
(93.9702, 264.182, 25.6448)
(92.5139, 266.783, 26.3379)
(90.8082, 268.91, 27.0002)
(88.8345, 270.9, 27.6656)
(86.8851, 272.644, 28.3606)
(84.5783, 273.944, 29.0728)
(82.2093, 275.129, 29.7701)
(79.7649, 276.118, 30.8973)
(77.258, 276.724, 31.9518)
(74.4193, 276.24, 33.2494)
(71.5233, 275.416, 34.5309)
(68.6775, 273.937, 35.6173)
(65.8186, 272.11, 36.6618)
(62.9331, 269.374, 37.669)
(60.0164, 266.096, 38.4153)
(57.1824, 261.899, 39.1627)
(54.7187, 257.546, 39.6403)
(52.3899, 253.495, 40.0638)
(50.2688, 248.873, 40.591)
(48.2884, 244.265, 40.9574)
(46.3848, 239.098, 40.8171)
(44.0821, 232.99, 40.5618)
(41.9234, 227.053, 40.2997)
(39.9415, 221.236, 40.0811)
(38.1127, 215.265, 39.4135)
(36.0841, 208.924, 38.7622)
(34.5402, 203.247, 38.1886)
(33.11, 197.424, 37.4991)
(31.6474, 191.541, 36.9835)
(30.3321, 185.598, 36.5669)
(29.0661, 179.865, 35.9704)
(27.7855, 173.839, 35.577)
(26.6654, 167.982, 35.031)
(25.5933, 162.169, 34.5219)
(24.6197, 156.706, 33.7751)
(23.7334, 151.376, 33.5014)
(22.8592, 146.396, 33.262)
(21.9791, 141.475, 33.1389)
(21.1593, 135.909, 32.7184)
(20.3856, 131.844, 32.408)
(19.6751, 127.955, 32.3058)
(18.9518, 124.211, 32.4039)
(18.0942, 120.757, 32.667)
(17.2182, 117.07, 32.9377)
(16.4165, 113.982, 33.166)
(15.4928, 111.303, 33.4614)
(14.4958, 108.788, 33.7824)
(13.6388, 107.016, 34.0316)
(12.9576, 105.457, 34.1626)
(12.4235, 104.785, 34.2303)
(12.1161, 104.459, 34.2224)
(11.9403, 104.688, 34.1402)
(11.6682, 106.819, 33.7287)
(11.8049, 111.597, 32.894)
(12.1714, 118.306, 32.0962)
(12.9479, 126.484, 31.8929)
(13.9031, 134.921, 31.8271)
(14.8908, 143.93, 31.8109)
(15.9994, 153.52, 32.0774)
(17.2431, 163.227, 32.6649)
(18.5904, 173.623, 33.222)
(20.0824, 184.123, 33.6544)
(21.5139, 194.798, 34.1822)
(23.0508, 205.405, 34.5983)
(24.6854, 216.162, 35.5093)
(26.4561, 226.382, 36.5252)
(28.1581, 236.488, 37.3427)
(29.7985, 246.149, 38.3743)
(31.5051, 255.52, 39.5566)
(33.8133, 265.608, 41.3887)
(35.7724, 274.4, 43.5408)
(37.1989, 281.914, 44.8074)
(38.9616, 289.166, 45.9079)
(40.6244, 295.776, 46.9094)
(42.4697, 302.185, 47.6388)
(44.7436, 310.925, 49.6293)
(46.2668, 317.178, 50.8247)
(47.6445, 322.822, 50.956)
(49.2108, 328.406, 51.0536)
(51.5121, 338.532, 52.5728)
(54.2613, 349.539, 54.5622)
(56.2762, 356.503, 57.3121)
(57.5235, 362.656, 59.6966)
(58.8941, 367.733, 61.6257)
(59.2967, 370.994, 62.5455)
(59.7851, 374.123, 63.1804)
(60.0907, 376.212, 63.8749)
(61.0697, 378.631, 65.4871)
(61.0365, 379.297, 65.9215)
(60.9936, 380.07, 66.5016)
(60.8274, 380.296, 66.866)
(60.6175, 380.336, 67.1225)
(59.7683, 378.861, 67.4848)
(58.5487, 376.154, 67.5983)
(57.3885, 371.958, 67.7333)
(55.7619, 366.603, 67.938)
(54.456, 360.368, 67.5265)
(53.2104, 353.91, 66.7859)
(52.4633, 349.055, 67.8225)
(51.2935, 342.313, 67.4285)
(49.8457, 334.993, 66.2027)
(47.5471, 326.574, 63.2822)
(46.396, 318.952, 61.3639)
(44.7864, 310.951, 59.5989)
(43.3224, 303.174, 57.9129)
(42.5751, 297.218, 56.8478)
(40.9495, 289.109, 55.279)
(39.9115, 281.835, 54.3146)
(38.7104, 274.316, 52.7254)
(37.3219, 266.135, 51.2121)
(36.7211, 259.333, 50.2759)
(35.9548, 251.658, 49.056)
(35.1347, 243.984, 48.6129)
(34.1997, 236.968, 47.9171)
(33.3719, 229.485, 47.4927)
(32.2966, 221.219, 46.8371)
(31.5503, 213.439, 45.8116)
(30.8331, 206.298, 44.9999)
(30.0859, 199.311, 44.3178)
(29.3922, 192.294, 43.7552)
(28.7356, 185.856, 43.37)
(27.8993, 179.4, 42.8301)
(27.01, 172.854, 42.5963)
(26.3486, 166.6, 42.2094)
(25.6898, 161.154, 41.8082)
(24.9698, 155.973, 41.4512)
(24.2091, 151.049, 41.1203)
(23.2683, 146.332, 40.9015)
(22.3982, 141.586, 40.4995)
(21.3302, 137.071, 40.2753)
(20.2099, 132.741, 40.117)
(19.1058, 128.135, 39.9569)
(18.1422, 124.16, 39.8887)
(17.3905, 120.602, 39.7227)
(16.6532, 117.425, 39.5975)
(16.0623, 114.511, 39.4958)
(15.8088, 112.074, 39.5428)
(15.6544, 110.139, 39.5424)
(15.6578, 108.424, 39.6443)
(15.6573, 107.524, 39.6175)
(15.7217, 107.092, 39.5923)
(15.855, 106.962, 39.5525)
(16.0312, 107.076, 39.4811)
(17.2794, 109.776, 38.8617)
(17.7533, 110.872, 38.679)
(18.4212, 112.54, 38.6771)
(18.9839, 114.701, 38.4947)
(19.5618, 117.13, 38.2158)
(20.1199, 119.294, 38.0613)
(20.6218, 121.639, 37.8146)
(21.0951, 124.143, 37.5778)
(21.6191, 126.921, 37.452)
(22.1886, 130.072, 37.4245)
(22.7998, 132.936, 37.29)
(23.2716, 136.027, 37.2528)
(23.8714, 139.272, 37.2827)
(24.464, 142.625, 37.2168)
(25.0224, 146.087, 37.2898)
(25.4489, 149.633, 37.4316)
(25.9262, 153.138, 37.5745)
(26.4376, 156.893, 37.6055)
(26.9338, 160.547, 37.4731)
(27.4527, 164.17, 37.4459)
(27.9791, 168.047, 37.3974)
(28.3703, 171.896, 37.4339)
(28.8095, 175.605, 37.6596)
(29.253, 179.295, 37.7187)
(29.7111, 183.086, 37.7805)
(30.2337, 186.98, 37.8617)
(30.6255, 190.602, 38.1326)
(31.1804, 194.339, 38.5009)
(31.6278, 198.124, 38.7655)
(32.1297, 201.88, 38.8957)
(32.4915, 205.512, 39.0648)
(32.9802, 208.997, 39.3691)
(33.4403, 212.522, 39.6754)
(33.8272, 216.077, 39.9139)
(34.4965, 219.325, 40.1032)
(34.9679, 222.821, 40.3259)
(35.4889, 226.326, 40.3857)
(35.8608, 229.923, 40.5847)
(36.3413, 233.331, 40.8266)
(36.9514, 236.834, 40.9216)
(37.5637, 240.231, 41.0525)
(38.2041, 243.613, 41.3115)
(38.6842, 246.84, 41.5557)
(39.2257, 250.365, 41.7425)
(39.79, 253.844, 41.7425)
(40.3116, 257.321, 41.7306)
(40.8866, 260.797, 41.7872)
(41.2846, 264.667, 41.6639)
(41.8457, 268.504, 41.6649)
(42.3542, 271.87, 41.7242)
(43.0631, 275.861, 42.1836)
(43.497, 279.13, 42.3724)
(44.1875, 282.741, 42.556)
(44.8362, 286.664, 42.7241)
(45.2258, 290.336, 43.0897)
(45.7094, 293.937, 43.1229)
(46.2664, 297.476, 43.3334)
(46.7433, 301.305, 43.6584)
(47.4023, 305.544, 44.3172)
(47.846, 308.921, 44.8091)
(48.2868, 312.95, 45.2898)
(48.8768, 316.704, 45.704)
(49.1568, 320.282, 46.0728)
(49.4654, 323.397, 46.4189)
(49.9838, 327.023, 47.6483)
(50.4136, 330.178, 48.317)
(51.2961, 333.924, 49.3673)
(51.7428, 337.209, 50.1481)
(52.1846, 340.982, 50.75)
(52.4813, 344.206, 51.3501)
(52.7412, 346.917, 51.7477)
(53.267, 349.54, 52.1341)
(53.6253, 352.677, 52.508)
(54.1268, 355.878, 52.8292)
(54.5765, 358.343, 53.1749)
(55.5794, 361.855, 54.7925)
(55.785, 364.414, 55.6787)
(56.1504, 367.25, 56.0386)
(56.3534, 369.647, 56.2585)
(56.3934, 371.751, 56.3062)
(56.6104, 373.707, 56.2869)
(57.0124, 375.875, 56.4593)
(57.2369, 377.836, 56.5171)
(57.605, 380.152, 56.8444)
(57.8338, 381.819, 57.108)
(57.9501, 382.973, 57.3455)
(58.104, 384.412, 57.4827)
(58.1937, 385.274, 57.5681)
(58.2375, 385.843, 57.5718)
(58.4264, 386.722, 57.6847)
(58.439, 387.325, 57.6764)
(58.4487, 387.83, 57.6823)
(58.4156, 388.402, 57.6996)
(58.405, 389.339, 57.8966)
(58.3023, 390.017, 58.2301)
(58.2243, 390.641, 58.3961)
(58.1151, 391.048, 58.5299)
(57.8823, 390.853, 58.4848)
(57.6834, 390.714, 58.4475)
(57.5694, 390.369, 58.9429)
(57.358, 390.03, 59.2426)
(57.1531, 389.764, 59.4204)
(56.8034, 389.231, 59.5471)
(56.2766, 388.048, 59.2728)
(55.7678, 387.304, 59.2191)
(55.2351, 386.188, 59.0795)
(54.8621, 385.13, 59.0116)
(54.1026, 383.188, 58.6503)
(53.4703, 381.404, 58.1976)
(53.0629, 380.014, 57.9011)
(52.2584, 377.192, 57.286)
(51.5732, 374.327, 56.4698)
(51.1461, 371.742, 55.8164)
(50.8377, 369.919, 55.4997)
(50.3592, 367.226, 55.0232)
(49.8232, 363.772, 53.9406)
(49.3141, 361.332, 53.3445)
(49.0387, 358.95, 52.966)
(48.7839, 356.541, 52.4196)
(48.4369, 354.306, 51.8452)
(47.9977, 351.532, 51.3478)
(47.6321, 347.923, 50.8195)
(47.2258, 345.305, 50.4483)
(46.8539, 343.629, 50.308)
(46.56, 341.159, 49.9568)
(45.3649, 332.014, 48.6928)
(45.2159, 329.816, 48.1583)
(44.8041, 327.36, 47.5643)
(44.5458, 324.939, 47.0226)
(44.3427, 323.266, 47.0124)
(44.0866, 321.06, 46.9221)
(43.8599, 318.33, 46.3554)
(43.5011, 316.319, 46.0449)
(43.3564, 313.938, 45.3754)
(42.9503, 311.098, 44.7682)
(42.583, 308.764, 44.3832)
(42.1807, 306.444, 44.091)
(41.8834, 303.394, 43.677)
(41.7699, 301.439, 43.5499)
(41.527, 299.092, 43.4937)
(41.476, 297.273, 43.6317)
(41.1303, 293.958, 43.4412)
(40.9559, 291.524, 43.3209)
(40.6497, 289.256, 43.0715)
(40.2034, 285.858, 42.4296)
(39.8344, 283.348, 42.0826)
(39.3791, 280.553, 41.5828)
(39.1969, 278.477, 41.2198)
(38.9355, 276.082, 40.9333)
(38.5993, 273.447, 40.6914)
(38.3341, 271.057, 40.4871)
(38.1434, 268.718, 40.262)
(37.9025, 265.912, 39.9908)
(37.6651, 263.147, 39.7623)
(37.4786, 260.84, 39.5228)
(37.1882, 258.306, 39.3516)
(37.0359, 256.1, 39.2914)
(36.8353, 253.31, 39.0011)
(36.6449, 250.941, 38.8492)
(36.4593, 248.58, 38.8213)
(36.2415, 246.124, 38.81)
(35.9746, 243.963, 38.6593)
(35.7439, 241.454, 38.5427)
(35.5776, 239.058, 38.5453)
(35.3426, 236.69, 38.6254)
(35.0957, 234.393, 38.6912)
(34.8975, 231.997, 38.7115)
(34.6482, 229.538, 38.7698)
(34.5049, 227.181, 38.6968)
(34.2345, 224.824, 38.568)
(33.9305, 222.36, 38.4951)
(33.7139, 220.087, 38.3863)
(33.4632, 217.634, 38.4642)
(33.1539, 215.288, 38.438)
(32.8346, 213.161, 38.3931)
(32.5123, 210.728, 38.3515)
(32.0819, 208.362, 38.3461)
(31.6534, 205.587, 38.4694)
(31.1711, 203.101, 38.4858)
(30.754, 200.397, 38.562)
(30.3623, 197.973, 38.6214)
(29.9779, 195.568, 38.7514)
(29.5436, 193.124, 38.8955)
(29.1019, 190.821, 38.9376)
(28.697, 188.183, 39.0006)
(28.1965, 185.391, 39.1778)
(27.6902, 182.695, 39.4116)
(27.0956, 180.279, 39.5129)
(26.5017, 176.674, 39.8593)
(25.8247, 173.079, 40.3786)
(25.1599, 170.75, 40.5837)
(24.481, 168.267, 40.8345)
(23.8563, 165.629, 41.164)
(23.2077, 162.836, 41.6589)
(22.5778, 160.253, 42.0853)
(21.8565, 157.366, 42.58)
(21.1622, 154.501, 43.0891)
(20.5051, 151.528, 43.519)
(19.8852, 148.549, 43.8016)
(19.2662, 145.664, 44.1184)
(18.5832, 142.916, 44.2686)
(17.9253, 140.191, 44.5027)
(17.2598, 137.346, 44.7544)
(16.8109, 134.384, 45.1142)
(16.4025, 131.874, 45.3874)
(15.9969, 129.308, 45.7502)
(15.3761, 126.707, 45.8135)
(14.8101, 124.377, 45.7307)
(14.3669, 122.152, 45.69)
(14.0065, 119.46, 45.7337)
(13.7465, 117.491, 45.7111)
(13.4854, 115.69, 45.6275)
(13.408, 113.984, 45.4199)
(12.8992, 112.525, 45.3644)
(12.7345, 111.059, 45.2408)
(12.8069, 109.573, 45.0129)
(12.8852, 108.133, 44.7077)
(13.1041, 106.654, 44.2613)
(13.4966, 105.413, 43.8124)
(13.6725, 104.26, 43.3803)
(13.8085, 103.348, 43.0157)
(14.0189, 102.344, 42.7056)
(14.2073, 101.554, 42.3794)
(14.6147, 100.709, 42.0666)
(15.2166, 99.8255, 41.7319)
(15.7785, 99.0376, 41.3874)
(16.4489, 98.239, 41.0929)
(17.1388, 97.5125, 40.838)
(17.6284, 96.5935, 40.4321)
(18.2283, 96.12, 40.1126)
(18.8371, 95.7688, 39.8256)
(19.4473, 95.5488, 39.5719)
(20.1686, 95.4118, 39.3241)
(21.2367, 94.4896, 38.9473)
(22.414, 94.0371, 38.5911)
(23.6912, 93.4058, 38.2519)
(25.0411, 93.0376, 37.9013)
(26.3281, 93.042, 37.4955)
(27.6837, 93.0584, 37.0198)
(29.1047, 93.3366, 36.6502)
(30.8964, 93.8579, 36.3435)
(32.7734, 94.4228, 36.075)
(34.6461, 95.0368, 36.0075)
(36.5827, 95.6487, 35.9054)
(38.5428, 96.3776, 35.8299)
(40.397, 96.7411, 35.8057)
(42.1889, 97.1299, 35.7093)
(44.0278, 97.9568, 35.7405)
(45.8659, 98.2153, 35.6617)
(47.6861, 98.525, 35.5287)
(53.8641, 102.013, 35.6862)
(55.4871, 103.041, 35.6964)
(57.2903, 104.162, 35.7258)
(59.1498, 105.678, 35.6348)
(60.9833, 107.161, 35.5729)
(62.8104, 108.622, 35.7739)
(64.5302, 110.022, 35.8969)
(66.2198, 111.404, 36.0089)
(67.9221, 113.348, 36.1031)
(69.5744, 114.941, 36.152)
(71.1999, 117.064, 36.1138)
(72.6545, 119.093, 36.0175)
(74.1194, 121.35, 35.9978)
(75.5034, 123.4, 35.9266)
(76.7477, 125.637, 35.8924)
(77.8765, 127.885, 35.9064)
(79.0279, 130.388, 36.0681)
(80.1931, 133.211, 36.168)
(81.2545, 136.118, 36.2436)
(82.2552, 139.132, 36.1819)
(83.0162, 141.712, 37.0224)
(83.8296, 145.034, 37.2148)
(84.5978, 148.349, 37.3077)
(85.2764, 151.624, 37.365)
(85.9157, 155.157, 37.4237)
(86.5247, 158.558, 37.5303)
(86.9975, 162.032, 37.6547)
(87.4631, 165.76, 37.8159)
(88.1274, 169.496, 37.9586)
(88.5317, 173.265, 38.1754)
(88.941, 177.186, 38.5628)
(89.3018, 181.026, 38.8335)
(89.574, 184.883, 39.2629)
(89.7371, 188.671, 39.6077)
(90.139, 192.878, 40.0604)
(90.2869, 196.882, 40.3425)
(90.4574, 200.863, 40.6773)
(90.6248, 204.782, 41.026)
(90.9868, 208.947, 41.3884)
(91.0029, 212.841, 41.6741)
(91.1426, 216.91, 42.0602)
(91.2298, 221.196, 42.573)
(91.2018, 225.095, 42.9692)
(91.2292, 229.188, 43.3912)
(91.2411, 233.308, 43.5187)
(91.2964, 237.435, 43.7457)
(91.3682, 241.514, 44.0233)
(91.2182, 245.592, 44.3242)
(91.1884, 249.465, 44.8119)
(91.2104, 253.508, 45.2292)
(91.3646, 257.608, 45.6285)
(91.227, 261.551, 46.098)
(91.4224, 265.391, 46.3417)
(91.467, 269.162, 46.578)
(91.6439, 272.939, 46.9506)
(92.078, 276.726, 47.058)
(92.0289, 280.219, 47.3568)
(91.9746, 284.081, 47.7109)
(92.1359, 287.794, 47.8574)
(92.5089, 291.401, 48.4918)
(92.9226, 295.119, 49.1003)
(92.9961, 298.657, 49.5919)
(93.2464, 301.988, 50.1167)
(93.576, 305.179, 50.7097)
(94.1051, 308.788, 51.2785)
(94.7225, 312.534, 51.5916)
(95.026, 315.982, 51.7695)
(95.2948, 319.328, 51.7524)
(95.9248, 322.87, 51.8273)
(96.5497, 326.211, 51.8894)
(97.0976, 329.52, 52.329)
(97.8529, 333.326, 52.5916)
(98.3108, 336.591, 53.1245)
(99.0499, 339.507, 53.5194)
(99.6191, 341.936, 53.742)
(99.9811, 344.179, 53.9169)
(100.859, 347.724, 54.464)
(101.545, 350.493, 54.6824)
(102.088, 352.596, 54.9073)
(102.549, 354.654, 55.1479)
(103.147, 356.753, 55.5175)
(103.938, 358.858, 55.8534)
(104.707, 361.333, 56.1787)
(105.251, 363.333, 56.5131)
(105.897, 365.229, 56.7727)
(106.648, 367.424, 57.2542)
(107.331, 368.895, 57.5786)
(108.038, 370.849, 58.0588)
(108.696, 372.532, 58.5161)
(109.181, 373.94, 58.623)
(109.775, 375.265, 58.784)
(110.462, 376.93, 59.016)
(111.476, 379.556, 59.5049)
(112.22, 381.807, 60.03)
(112.73, 382.739, 60.3291)
(113.233, 383.756, 60.7707)
(113.919, 385.25, 61.3961)
(114.624, 386.638, 61.9596)
(115.041, 387.312, 61.9939)
(115.813, 388.442, 62.2188)
(116.566, 389.653, 62.4915)
(117.172, 390.97, 62.8461)
(117.699, 391.849, 63.0992)
(118.26, 392.712, 63.0692)
(118.654, 393.226, 63.1023)
(119.293, 394.411, 63.4213)
(120.102, 396.564, 64.0094)
(120.576, 396.936, 64.1697)
(120.731, 396.908, 64.174)
(121.014, 396.825, 64.1891)
(121.4, 396.823, 64.3617)
(122.148, 397.045, 64.6043)
(122.58, 396.949, 64.8163)
(122.88, 396.872, 64.9863)
(123.533, 396.799, 65.066)
(124.022, 396.637, 65.0869)
(124.414, 396.137, 64.993)
(124.698, 394.894, 64.8381)
(125.004, 393.47, 64.6441)
(125.3, 392.972, 64.7485)
(125.896, 391.979, 64.7824)
(126.366, 391.036, 64.8022)
(126.752, 389.687, 64.4604)
(127.123, 388.498, 64.0772)
(127.515, 387.029, 63.4732)
(128.281, 381.899, 61.835)
(129.993, 375.904, 60.1752)
(131.142, 371.351, 58.88)
(132.725, 361.982, 55.6862)
(133.686, 356.265, 54.125)
(135.13, 352.287, 53.1642)
(135.947, 346.935, 52.2876)
(136.531, 341.91, 51.471)
(136.711, 336.554, 50.1877)
(136.803, 332.087, 49.2454)
(137.02, 326.864, 48.1819)
(137.182, 321.23, 47.1695)
(136.879, 314.87, 46.2507)
(136.686, 310.311, 45.7307)
(136.401, 305.451, 45.2121)
(135.924, 299.926, 44.5921)
(134.91, 294.064, 43.728)
(133.886, 288.245, 42.974)
(132.651, 282.265, 42.6479)
(131.173, 276.243, 42.0533)
(129.368, 270.062, 41.6138)
(127.618, 263.966, 41.1111)
(126.042, 257.454, 40.9541)
(124.314, 251.526, 40.6444)
(122.307, 244.785, 40.231)
(120.653, 238.217, 39.8106)
(119.036, 231.772, 39.6252)
(117.092, 224.367, 39.1497)
(115.568, 216.883, 38.7775)
(113.767, 209.044, 38.4706)
(111.832, 200.796, 38.0221)
(109.827, 192.046, 36.6732)
(107.772, 183.661, 35.7521)
(105.787, 175.046, 35.1615)
(103.591, 166.145, 34.2674)
(101.46, 157.522, 33.7312)
(99.4396, 149.416, 33.164)
(97.4618, 141.905, 32.7558)
(95.6619, 135.752, 32.4995)
(93.8299, 129.715, 32.3104)
(91.4364, 122.839, 31.8582)
(89.3536, 116.625, 31.9228)
(87.7381, 112.5, 32.024)
(86.1716, 108.578, 32.4266)
(84.8628, 106.463, 32.6002)
(83.3715, 103.617, 32.5875)
(82.0278, 101.372, 32.9232)
(80.4622, 99.424, 32.7607)
(79.0856, 98.1004, 32.8374)
(78.2005, 97.34, 32.8619)
(76.6308, 96.0015, 32.9833)
(75.109, 94.9656, 32.9755)
(73.5699, 93.5741, 33.0547)
(71.9884, 92.6064, 33.3405)
(69.9723, 91.2661, 33.6684)
(68.3077, 90.6925, 34.1262)
(66.4891, 89.8106, 34.5159)
(64.5358, 89.117, 34.9504)
(62.2653, 88.6258, 35.228)
(59.8918, 87.7751, 35.2275)
(57.365, 87.2767, 35.2518)
(54.8099, 86.4067, 35.0399)
(52.3829, 86.5748, 35.3676)
(49.8449, 86.6367, 35.5584)
(47.0739, 86.7427, 35.5668)
(44.3872, 87.1809, 35.5524)
(41.6455, 87.5415, 35.4883)
(38.8497, 88.177, 35.323)
(36.0512, 88.769, 35.1228)
(33.211, 89.3937, 35.2068)
(30.1431, 90.5168, 35.2361)
(26.9382, 91.629, 35.3822)
(24.0066, 92.8757, 35.6963)
(20.8292, 93.9392, 36.109)
(17.961, 95.2701, 36.3081)
(14.8156, 96.5651, 36.4993)
(11.905, 98.0556, 36.5223)
(9.03069, 99.4356, 36.6845)
(6.5862, 100.867, 36.7224)
(4.08593, 102.665, 37.0664)
(1.60062, 104.539, 37.1183)
(-0.855227, 106.796, 36.9752)
(-3.11159, 108.904, 36.9563)
(-5.33254, 111.478, 36.8131)
(-7.49594, 114.491, 36.7352)
(-9.43004, 117.554, 36.7065)
(-11.0921, 120.742, 36.8596)
(-12.9568, 124.883, 36.7987)
(-14.6975, 128.873, 36.8143)
(-16.3783, 133.239, 36.8764)
(-17.8211, 137.369, 37.0148)
(-19.2466, 141.748, 37.2973)
(-20.6109, 146.481, 37.6272)
(-22.0445, 151.164, 37.8766)
(-23.2738, 155.668, 38.0951)
(-24.4625, 161.118, 38.357)
(-25.7611, 165.465, 38.6884)
(-26.9889, 170.631, 38.7826)
(-28.2614, 176.383, 38.3604)
(-29.2515, 181.848, 37.9209)
(-30.0453, 187.85, 37.6888)
(-30.7679, 194.443, 37.3909)
(-31.0936, 201.333, 37.4672)
(-31.1166, 207.891, 37.499)
(-31.2538, 215.381, 37.8951)
(-31.2571, 222.92, 38.2577)
(-31.0406, 230.899, 38.8125)
(-30.7041, 239.25, 39.0856)
(-30.2261, 247.35, 39.4657)
(-29.6894, 255.568, 39.5709)
(-29.3533, 263.276, 40.151)
(-28.5432, 271.079, 40.9693)
(-27.345, 280.057, 42.4972)
(-26.6618, 288.264, 43.5457)
(-25.2567, 296.595, 44.4131)
(-24.5896, 304.216, 45.3959)
(-23.663, 311.523, 46.0251)
(-22.9774, 319.665, 46.5633)
(-21.8364, 328.118, 48.7371)
(-21.5772, 335.565, 49.3444)
(-20.5158, 342.862, 50.6419)
(-19.9729, 348.222, 51.7323)
(-19.4574, 356.41, 53.5292)
(-18.9902, 362.453, 54.7136)
(-19.2381, 370.099, 56.5688)
(-19.1257, 375.331, 59.745)
(-19.5581, 379.055, 62.0262)
(-20.8723, 381.811, 62.4648)
(-22.2841, 383.88, 63.1895)
(-23.1235, 384.811, 64.4335)
(-24.6537, 384.8, 65.2611)
(-26.5193, 384.375, 66.1248)
(-29.3549, 384.003, 67.3479)
(-32.4005, 381.281, 67.6689)
(-35.0788, 379.447, 68.5259)
(-37.6917, 375.574, 68.7302)
(-39.7328, 372.388, 69.1353)
(-41.4773, 368.855, 69.1433)
(-43.088, 364.342, 69.077)
(-45.0716, 359.453, 68.7085)
(-46.0614, 356.695, 68.8022)
(-47.3885, 350.423, 67.7974)
(-48.507, 344.503, 66.9102)
(-50.5013, 339.107, 65.6019)
(-52.4298, 332.885, 64.2553)
(-53.6055, 324.262, 61.8509)
(-54.0681, 317.085, 60.499)
(-55.2136, 311.51, 59.6108)
(-56.4856, 305.281, 58.9335)
(-57.7495, 294.396, 58.4658)
(-58.5287, 285.836, 56.738)
(-59.6001, 278.571, 55.8141)
(-60.159, 271.385, 55.1234)
(-60.9606, 264.077, 54.359)
(-61.3907, 257.333, 53.5763)
(-61.6312, 249.525, 52.9529)
(-62.2889, 244.424, 52.413)
(-62.8006, 238.535, 52.1656)
(-63.4625, 232.149, 51.8531)
(-64.1223, 225.801, 51.3942)
(-64.3479, 219.499, 51.1467)
(-64.8214, 212.821, 50.9018)
(-65.2618, 206.731, 50.8555)
(-65.4902, 200.826, 50.7639)
(-66.1066, 194.395, 50.499)
(-66.2434, 188.206, 50.3977)
(-66.7486, 182.646, 50.7643)
(-67.2444, 176.546, 50.8532)
(-67.2478, 169.577, 50.6725)
(-67.5438, 163.577, 50.6239)
(-67.8607, 157.949, 50.5115)
(-68.66, 153.501, 51.5091)
(-68.3256, 147.135, 51.3987)
(-68.8834, 141.566, 51.459)
(-68.4804, 136.059, 51.7478)
(-68.4671, 130.803, 51.5993)
(-68.5224, 125.413, 51.882)
(-69.0975, 122.467, 52.4885)
(-68.6322, 119.32, 52.1247)
(-68.9475, 115.409, 51.3991)
(-68.815, 111.63, 50.6095)
(-68.6078, 109.056, 50.6322)
(-67.8046, 106.624, 50.8519)
(-67.3613, 104.868, 51.2887)
(-65.8964, 103.198, 51.1634)
(-63.9794, 100.755, 50.5761)
(-61.8432, 98.1002, 50.1906)
(-59.5196, 95.5347, 49.3931)
(-58.3449, 94.354, 49.4551)
(-56.4689, 93.2922, 49.2749)
(-53.291, 91.5179, 48.3076)
(-50.1003, 90.9353, 47.2593)
(-47.2356, 90.1881, 46.4548)
(-43.9274, 89.7178, 45.2398)
(-40.2989, 89.2512, 43.8992)
(-37.0321, 89.6516, 42.58)
(-34.4317, 91.0468, 41.4463)
(-31.7117, 92.8968, 40.6164)
(-29.091, 95.6089, 39.6565)
(-27.0941, 98.39, 39.1268)
(-25.1469, 102.35, 38.4359)
(-23.1433, 106.655, 37.2036)
(-21.6784, 111.302, 36.1595)
(-20.0905, 116.461, 35.352)
(-18.7507, 121.638, 34.756)
(-17.7555, 127.38, 34.2362)
(-16.8168, 133.923, 33.6185)
(-15.9176, 140.754, 33.0522)
(-14.8739, 147.916, 32.5416)
(-14.0533, 155.205, 32.4262)
(-13.206, 163.118, 32.1471)
(-12.1498, 171.472, 32.1085)
(-11.2435, 180.035, 32.0765)
(-10.303, 188.696, 31.8454)
(-9.36397, 197.759, 32.081)
(-8.35779, 206.889, 32.5087)
(-7.1438, 216.185, 32.7123)
(-5.90723, 225.522, 32.9394)
(-4.46463, 235.474, 33.3)
(-2.5804, 245.875, 33.6771)
(-0.317555, 256.538, 34.4255)
(1.86852, 266.949, 34.7314)
(4.4317, 277.418, 34.7659)
(7.00419, 288.612, 35.5761)
(9.91671, 299.774, 37.0417)
(12.8999, 310.956, 38.8044)
(15.2687, 320.97, 39.4209)
(17.9151, 330.734, 40.7968)
(24.0923, 348.924, 47.3691)
(28.5609, 367.177, 49.8035)
(31.2117, 376.975, 50.8904)
(34.0206, 384.639, 52.2778)
(35.7402, 390.899, 53.3254)
(37.8545, 396.593, 54.8158)
(39.6281, 403.174, 56.8106)
(41.8919, 408.456, 59.0118)
(43.3081, 414.279, 60.9045)
(44.0337, 416.913, 62.1938)
(44.8346, 418.977, 63.4895)
(46.0443, 420.719, 64.9811)
(47.2033, 421.167, 65.7511)
(47.9237, 421.18, 66.2626)
(48.6026, 420.912, 66.9073)
(48.9767, 420.41, 67.2626)
(49.1175, 417.672, 67.2412)
(49.4358, 414.844, 66.9729)
(49.8721, 408.626, 64.9653)
(49.8216, 403.395, 63.6541)
(49.9388, 400.424, 63.3489)
(49.2724, 394.234, 61.6723)
(48.8549, 386.94, 59.8781)
(48.6221, 379.713, 58.1399)
(47.8942, 371.18, 55.7091)
(47.0917, 364.149, 53.4944)
(46.2291, 357.262, 51.953)
(44.9256, 348.167, 49.2755)
(44.6536, 339.683, 47.5862)
(44.1448, 332.052, 46.4035)
(42.2465, 319.199, 44.0291)
(40.7442, 308.25, 42.2239)
(40.5728, 299.609, 40.867)
(39.5607, 290.989, 39.4753)
(38.7726, 282.768, 38.7051)
(37.8213, 274.327, 37.5355)
(36.4442, 264.813, 36.0163)
(35.577, 256.341, 35.0617)
(34.441, 247.977, 34.4111)
(33.0321, 238.602, 33.4164)
(31.7119, 229.544, 32.6613)
(30.5326, 220.299, 31.5097)
(29.4379, 211.216, 30.5738)
(28.1726, 202.437, 30.0775)
(27.098, 193.642, 29.685)
(25.8547, 185.421, 29.0514)
(24.7274, 177.289, 28.3955)
(23.5015, 170.21, 27.8434)
(22.4068, 163.428, 27.4103)
(21.3379, 156.693, 27.1123)
(20.4564, 150.278, 26.8401)
(19.4795, 144.253, 26.8801)
(18.525, 138.853, 27.0061)
(17.5797, 133.661, 26.9361)
(16.771, 128.936, 26.8477)
(16.0899, 124.457, 26.8095)
(15.6313, 120.263, 26.7633)
(15.3047, 116.449, 26.8154)
(14.922, 112.184, 27.508)
(14.507, 108.8, 27.7794)
(14.3152, 105.767, 27.9916)
(14.1766, 103.225, 28.1932)
(14.1028, 100.535, 28.5551)
(14.3671, 97.5285, 29.335)
(14.3345, 95.7403, 29.5738)
(14.4426, 93.9967, 29.7052)
(14.5796, 92.4956, 29.7559)
(14.9178, 90.9174, 29.9372)
(15.2429, 89.6634, 30.145)
(15.5309, 88.72, 30.3408)
(15.7781, 88.0359, 30.4459)
(16.0401, 87.4355, 30.5342)
(16.4847, 86.8004, 30.7398)
(16.6593, 86.4844, 30.801)
(16.8153, 86.2399, 30.8325)
(16.9737, 86.0903, 30.8286)
(17.1981, 85.8151, 30.8308)
(17.423, 85.6284, 30.8189)
(17.6891, 85.4198, 30.824)
(18.0112, 85.2306, 30.8261)
(18.3859, 84.9399, 30.8715)
(18.7797, 84.6613, 30.9258)
(19.175, 84.392, 30.9577)
(19.6032, 84.0811, 31.0074)
(20.1399, 83.6213, 31.0873)
(20.7693, 83.0987, 31.1978)
(21.5576, 82.3904, 31.2189)
(22.2347, 81.9369, 31.2844)
(22.8343, 81.6342, 31.3487)
(23.5042, 81.3897, 31.409)
(24.3252, 81.0481, 31.5341)
(25.1541, 80.8035, 31.6062)
(26.0466, 80.6982, 31.6361)
(26.9392, 80.6119, 31.6655)
(27.8658, 80.6378, 31.686)
(28.7965, 80.6424, 31.7352)
(29.7032, 80.5815, 31.8132)
(30.6853, 80.4413, 31.8091)
(31.4648, 80.5261, 31.8044)
(32.2137, 80.6688, 31.7884)
(32.9862, 80.83, 31.7756)
(33.7262, 80.9541, 31.7997)
(34.4401, 80.919, 31.8199)
(35.0623, 80.9547, 31.8274)
(35.6435, 81.0833, 31.7851)
(36.2273, 81.3069, 31.7249)
(36.7542, 81.575, 31.6716)
(37.2245, 81.8476, 31.6344)
(37.6508, 82.0762, 31.6186)
(38.0676, 82.3761, 31.5979)
(38.4586, 82.6937, 31.5691)
(38.9298, 83.063, 31.5099)
(39.3911, 83.5739, 31.4275)
(39.954, 84.2722, 31.3651)
(40.6463, 85.173, 31.2816)
(41.6527, 86.3478, 31.3634)
(42.638, 87.5977, 31.4812)
(43.7026, 89.0792, 31.6032)
(44.94, 90.8993, 31.7018)
(46.1826, 93.2225, 31.8269)
(47.5068, 95.9495, 31.9178)
(48.9415, 99.0666, 31.5602)
(50.2306, 101.556, 31.4536)
(51.5667, 104.809, 31.0793)
(52.944, 108.817, 30.991)
(54.3015, 113.555, 30.8982)
(55.5233, 118.626, 30.8813)
(56.7283, 124.024, 31.0512)
(57.6607, 130.136, 31.6187)
(58.4808, 136.989, 32.2227)
(59.1398, 143.789, 33.1474)
(59.4212, 150.817, 33.7748)
(59.661, 157.946, 34.2623)
(59.6612, 165.588, 34.8529)
(59.5638, 173.203, 35.3978)
(58.9268, 180.998, 35.7164)
(58.4457, 189.084, 36.1491)
(57.8364, 197.536, 36.8311)
(57.2111, 205.982, 37.5114)
(56.4073, 217.514, 39.3124)
(55.2228, 231.269, 39.8562)
(55.0126, 241.888, 40.4537)
(54.5212, 251.216, 40.6709)
(54.4461, 260.765, 41.5768)
(54.4056, 270.911, 42.9886)
(55.5749, 281.484, 44.8836)
(55.762, 290.045, 45.93)
(56.6443, 299.264, 46.8361)
(57.3325, 308.061, 48.2636)
(58.4331, 316.71, 50.056)
(58.8178, 324.389, 51.1412)
(59.3114, 331.641, 51.9277)
(60.3214, 338.345, 52.876)
(61.1855, 346.156, 53.1607)
(62.0212, 351.913, 53.4466)
(62.4529, 357.027, 54.5652)
(63.2386, 364.324, 55.4747)
(63.4586, 370.627, 56.4184)
(63.9327, 376.014, 58.003)
(63.897, 380.553, 58.4605)
(63.7749, 383.945, 58.8764)
(63.8384, 387.186, 59.5916)
(63.937, 390.941, 60.7966)
(63.6166, 392.845, 61.4943)
(63.3204, 393.831, 61.8751)
(63.028, 394.362, 62.04)
(62.5826, 394.279, 62.126)
(60.7704, 391.929, 61.619)
(59.3905, 390.04, 61.3088)
(57.7439, 385.789, 60.847)
(55.9647, 380.223, 60.1535)
(54.083, 374.538, 59.1139)
(52.858, 367.278, 57.5227)
(50.7166, 357.734, 54.2819)
(49.4304, 349.896, 52.6498)
(48.4209, 342.293, 51.4613)
(47.2601, 334.476, 50.0099)
(45.8926, 325.249, 48.4824)
(44.4646, 315.6, 45.8321)
(43.2959, 306.035, 43.8684)
(42.2479, 297.372, 41.9677)
(40.5661, 284.177, 39.6516)
(38.404, 268.775, 37.7034)
(36.8688, 257.919, 36.7795)
(35.7265, 249.108, 35.8146)
(34.1872, 240.56, 34.3533)
(33.2418, 233.426, 33.4348)
(31.8832, 225.461, 32.6749)
(30.6108, 217.283, 32.2019)
(28.9793, 209.178, 31.9657)
(27.2923, 200.396, 32.0102)
(25.6037, 191.63, 32.1776)
(23.976, 182.697, 32.3133)
(22.4756, 173.851, 32.5135)
(21.2442, 164.907, 32.2568)
(19.9258, 155.69, 32.2967)
(18.8751, 146.995, 32.1846)
(17.7826, 138.797, 31.9835)
(16.9496, 130.34, 31.6602)
(16.2459, 123.699, 31.121)
(15.4745, 117.322, 30.7909)
(14.978, 111.016, 30.0975)
(14.7491, 105.939, 29.4095)
(14.4823, 101.73, 28.8656)
(14.6014, 97.577, 29.122)
(14.5651, 94.923, 28.8923)
(14.5197, 92.431, 28.7307)
(14.4191, 90.6413, 28.5374)
(14.2477, 89.5062, 28.3102)
(14.1677, 88.7539, 28.1751)
(14.1375, 88.3003, 28.0993)
(14.148, 88.0138, 28.049)
(14.205, 87.8785, 27.9934)
(14.2737, 87.8674, 27.936)
(14.5358, 88.0969, 27.7985)
(15.1507, 88.8938, 27.6499)
(16.0661, 91.126, 27.1949)
(17.0248, 94.7566, 26.3207)
(18.0904, 98.6171, 25.4974)
(18.9464, 103.306, 24.6369)
(19.819, 108.295, 24.0012)
(20.4084, 113.487, 23.8096)
(20.869, 118.051, 23.8676)
(21.3442, 122.935, 24.127)
(21.499, 127.842, 24.2681)
(21.6905, 132.416, 24.4619)
(21.8047, 136.967, 24.7448)
(21.9341, 141.503, 24.997)
(22.1206, 146.176, 24.8284)
(22.3323, 150.999, 24.6511)
(22.6935, 156.217, 24.2927)
(23.0905, 161.297, 24.1184)
(23.545, 166.76, 24.1403)
(24.1649, 172.718, 23.9424)
(24.9284, 179.362, 23.5356)
(25.7841, 186.055, 23.1306)
(26.6894, 193.291, 23.0273)
(27.7044, 201.054, 22.8654)
(28.7877, 209.994, 23.3779)
(30.1123, 218.821, 23.7258)
(31.2075, 227.273, 23.8951)
(32.3371, 236.139, 24.7783)
(33.6003, 244.683, 25.4541)
(34.8743, 253.395, 26.7891)
(35.9644, 261.811, 28.1295)
(36.9375, 269.664, 29.5217)
(37.7301, 276.03, 30.7714)
(38.5564, 283.04, 32.4355)
(39.1085, 289.606, 33.1812)
(39.3481, 294.801, 33.711)
(39.6058, 299.772, 34.083)
(39.8619, 304.57, 36.0317)
(39.8652, 307.991, 37.1891)
(39.7711, 310.753, 38.1433)
(39.7905, 313.876, 39.3676)
(39.4224, 315.658, 40.144)
(39.1059, 316.55, 40.7427)
(38.6847, 317.038, 41.126)
(38.1043, 316.873, 41.2422)
(36.9615, 315.873, 41.3307)
(35.6653, 313.946, 41.3946)
(34.726, 310.605, 41.6426)
(33.9161, 307.375, 41.8014)
(32.8256, 302.418, 41.5517)
(31.6932, 295.988, 40.3844)
(31.2156, 291.444, 39.6687)
(30.7646, 287.038, 38.7776)
(30.262, 282.033, 37.7405)
(29.936, 277.093, 36.9009)
(29.108, 271.184, 35.787)
(28.5594, 266.117, 34.3428)
(27.9323, 260.88, 33.4551)
(27.2747, 255.061, 32.576)
(26.9442, 249.77, 32.1071)
(26.3987, 243.861, 31.3542)
(25.7966, 238.314, 30.8915)
(25.6225, 233.501, 30.505)
(25.1122, 227.886, 30.2307)
(24.7572, 222.003, 29.8068)
(24.38, 216.583, 29.4162)
(24.0708, 210.938, 29.1051)
(23.7382, 205.52, 29.0158)
(23.3821, 199.747, 28.7168)
(22.8679, 193.383, 28.5224)
(22.5324, 187.574, 28.3151)
(22.1794, 181.807, 28.0604)
(21.77, 175.459, 27.855)
(21.4772, 169.961, 27.7216)
(21.161, 164.54, 27.5574)
(20.9956, 159.172, 27.2245)
(20.9231, 154.08, 27.1162)
(20.9071, 149.55, 26.9867)
(21.0435, 145.404, 26.8849)
(21.1721, 141.425, 26.5701)
(21.2288, 137.728, 26.2285)
(21.3577, 134.475, 26.1161)
(21.5505, 131.515, 25.9628)
(21.7984, 128.975, 25.6719)
(22.0225, 126.266, 25.5335)
(22.1298, 123.957, 25.2872)
(22.2627, 122.178, 24.965)
(22.3338, 120.794, 24.6968)
(22.3806, 119.528, 24.4253)
(22.4161, 118.088, 24.3537)
(22.4112, 116.13, 24.364)
(22.2357, 114.497, 24.5091)
(21.9008, 112.935, 24.8153)
(21.3711, 111.511, 25.26)
(20.9103, 110.354, 25.6067)
(20.5584, 109.265, 26.0932)
(20.5184, 108.389, 27.0976)
(20.4495, 108.332, 27.6335)
(20.4226, 108.131, 28.0083)
(20.4008, 107.925, 28.3516)
(20.3436, 107.71, 28.6437)
(20.3105, 107.562, 28.823)
(20.2686, 107.363, 28.9885)
(20.2447, 107.162, 29.1741)
(20.2023, 106.904, 29.4025)
(20.1876, 106.737, 29.5586)
(20.1319, 106.476, 29.7576)
(20.0143, 106.218, 29.9571)
(19.9459, 106.078, 30.1464)
(19.9204, 105.953, 30.293)
(19.8723, 105.873, 30.423)
(19.6298, 105.275, 30.792)
(19.6205, 105.224, 30.8819)
(19.5788, 105.225, 31.0079)
(19.5593, 105.348, 31.1024)
(19.5476, 105.553, 31.2098)
(19.4983, 106.241, 31.3296)
(19.3906, 107.023, 31.4605)
(19.3717, 108.428, 31.4984)
(19.3697, 110.57, 31.3818)
(19.3682, 112.233, 31.2993)
(19.4887, 113.859, 31.0737)
(19.6818, 116.011, 30.959)
(19.9131, 118.727, 30.8258)
(20.2212, 121.58, 30.5525)
(20.5412, 124.633, 30.0406)
(20.8276, 128.148, 29.6095)
(21.1873, 131.941, 29.294)
(21.5584, 135.87, 29.2171)
(21.9643, 139.861, 29.1206)
(22.2975, 143.828, 28.6024)
(22.7894, 148.605, 27.9008)
(23.1641, 153.719, 27.1482)
(23.7106, 159.525, 27.1417)
(24.1515, 164.736, 26.3883)
(24.3907, 169.235, 25.9721)
(24.3418, 173.532, 26.1378)
(24.0407, 178.411, 26.5575)
(23.8924, 184.492, 26.8718)
(23.9657, 191.385, 27.7413)
(24.4905, 198.933, 28.069)
(25.156, 206.721, 28.069)
(26.0091, 213.695, 27.8482)
(26.6555, 219.661, 27.7174)
(27.0217, 225.827, 27.4466)
(27.1504, 231.216, 27.0202)
(27.3454, 236.18, 26.9288)
(27.4753, 240.808, 26.7064)
(27.7565, 244.985, 26.6065)
(27.8553, 248.732, 26.4603)
(28.2086, 252.575, 26.7234)
(28.34, 254.945, 27.2301)
(28.4705, 257.486, 28.4375)
(29.6782, 265.2, 27.5909)
(29.8784, 268.364, 28.3301)
(29.9153, 270.766, 29.3602)
(29.7255, 272.073, 30.4236)
(29.589, 272.899, 31.0656)
(29.2875, 273.688, 31.8531)
(28.9098, 273.719, 32.4133)
(28.5848, 273.549, 32.8017)
(28.2342, 273.199, 33.0938)
(27.6837, 272.378, 33.3516)
(27.0153, 270.93, 33.5027)
(26.3131, 268.235, 33.6451)
(25.5708, 265.165, 33.525)
(24.7355, 262.146, 33.3539)
(24.0752, 258.572, 32.7831)
(23.2267, 254.628, 32.294)
(22.433, 250.128, 31.5849)
(21.5403, 245.562, 30.6275)
(20.7057, 240.824, 29.815)
(19.8475, 236.057, 29.134)
(18.985, 231.663, 28.754)
(18.2054, 227.376, 28.2965)
(17.3105, 222.947, 27.9507)
(16.2997, 218.245, 27.5531)
(15.2869, 213.036, 27.4029)
(14.2093, 207.957, 27.109)
(13.184, 203.008, 26.7069)
(12.2176, 198.349, 26.4783)
(11.2536, 193.529, 26.412)
(10.2813, 188.74, 26.414)
(9.18718, 183.683, 26.3932)
(8.02168, 178.727, 26.3358)
(6.63982, 173.474, 26.4242)
(5.26033, 168.401, 26.652)
(3.77897, 163.497, 26.7648)
(2.3318, 158.887, 26.9332)
(1.09059, 154.614, 27.1872)
(-0.308475, 150.311, 27.4982)
(-1.51869, 146.012, 27.2932)
(-2.54997, 142.707, 27.4061)
(-3.4646, 139.326, 27.2303)
(-4.45212, 137, 27.146)
(-5.34105, 135.22, 27.1518)
(-6.2318, 133.837, 27.115)
(-7.08003, 132.885, 27.0971)
(-8.21846, 131.946, 27.1672)
(-9.26762, 131.441, 27.2138)
(-10.3808, 131.233, 27.2762)
(-11.6574, 131.565, 27.3415)
(-13.1507, 132.552, 27.5047)
(-14.7683, 134.438, 27.8272)
(-16.6306, 136.973, 28.2527)
(-18.44, 139.863, 28.8829)
(-20.1776, 142.608, 29.5718)
(-21.9872, 146.035, 30.2441)
(-23.6848, 150.007, 30.8579)
(-24.9035, 154.125, 31.6281)
(-25.8837, 158.999, 32.1474)
(-26.7541, 163.837, 32.5838)
(-27.2708, 168.979, 33.3092)
(-27.6372, 174.8, 34.0003)
(-28.1608, 179.743, 34.1066)
(-28.0865, 184.85, 34.4489)
(-27.8127, 190.162, 34.8114)
(-27.3314, 196.304, 34.9309)
(-26.6059, 202.36, 35.03)
(-25.7916, 207.35, 34.9177)
(-24.4811, 212.823, 35.1247)
(-22.8705, 218.088, 34.8444)
(-21.2662, 223.809, 34.372)
(-19.2073, 229.508, 34.122)
(-17.1141, 233.848, 33.9098)
(-14.7708, 237.713, 34.1712)
(-12.315, 241.426, 33.9151)
(-9.74525, 244.616, 33.64)
(-7.14616, 247.23, 33.8902)
(-4.80232, 248.983, 33.9497)
(-2.88183, 249.73, 33.9)
(-1.22939, 249.834, 33.8494)
(0.335971, 249.317, 33.7767)
(1.975, 247.777, 33.6968)
(3.64491, 244.854, 33.8864)
(5.04456, 240.247, 34.1232)
(6.09565, 234.877, 34.4946)
(6.76059, 228.542, 34.7126)
(7.04051, 221.705, 34.4592)
(7.10269, 214.451, 34.5822)
(6.94433, 206.258, 34.6816)
(6.65041, 198.191, 34.8319)
(6.48529, 190.014, 34.8983)
(6.2572, 181.474, 34.8213)
(5.99728, 172.698, 34.5625)
(5.96705, 164.839, 34.276)
(6.06106, 156.924, 33.8557)
(6.38093, 149.291, 33.388)
(6.94472, 142.082, 32.8084)
(7.82717, 135.08, 32.2736)
(8.81904, 128.661, 32.0196)
(10.2166, 122.644, 32.1344)
(12.1667, 117.662, 32.0791)
(14.2632, 112.661, 32.0748)
(17.102, 107.128, 32.4768)
(19.9629, 102.847, 32.7124)
(23.2618, 99.5529, 32.648)
(27.2464, 96.3824, 32.9024)
(31.2322, 93.4628, 32.7586)
(35.4511, 91.7526, 32.5693)
(39.9235, 89.7463, 32.4006)
(44.7118, 89.1011, 32.0453)
(49.7632, 88.4863, 32.3519)
(55.4111, 88.6801, 32.5327)
(60.6068, 89.465, 32.6162)
(66.0827, 90.9593, 32.1202)
(71.2466, 92.396, 31.6927)
(76.5266, 94.7951, 31.5347)
(81.6504, 97.701, 30.7674)
(86.4359, 99.4587, 30.3808)
(91.4608, 102.697, 29.6196)
(96.8983, 107.673, 28.9812)
(101.76, 111.323, 28.3167)
(106.496, 116.137, 27.5125)
(110.76, 120.521, 27.0345)
(114.773, 125.51, 26.8057)
(117.804, 128.651, 26.7868)
(121.496, 133.991, 26.8972)
(124.823, 139.693, 26.9442)
(127.321, 145.365, 26.4791)
(129.532, 150.509, 26.1984)
(131.083, 155.203, 26.3706)
(131.998, 159.887, 26.2932)
(132.737, 164.538, 26.4214)
(132.705, 169.056, 26.6471)
(132.258, 173.112, 26.8869)
(131.334, 177.526, 27.3659)
(130.247, 181.529, 27.3751)
(128.358, 184.492, 27.522)
(125.847, 186.909, 27.8466)
(122.819, 188.91, 28.3055)
(119.41, 190.081, 28.8021)
(115.112, 190.541, 29.6809)
(110.286, 190.468, 30.6944)
(105.034, 189.825, 31.6701)
(99.8625, 189.06, 32.6108)
(94.7087, 187.943, 33.1015)
(89.784, 186.931, 33.5969)
(84.6118, 185.818, 33.348)
(79.1761, 184.683, 33.5045)
(73.7311, 183.5, 33.3867)
(68.2128, 182.411, 33.2264)
(62.7924, 181.164, 33.1682)
(57.4469, 180.371, 33.264)
(51.9394, 179.213, 33.4813)
(46.5825, 178.223, 33.6671)
(41.5189, 177.835, 33.9112)
(36.5002, 177.532, 34.29)
(31.4603, 177.149, 34.7905)
(26.5234, 176.868, 35.2654)
(21.8771, 176.568, 35.8361)
(17.3824, 176.555, 36.4403)
(12.9224, 177.076, 37.1116)
(8.58132, 177.566, 37.7104)
(4.44596, 178.192, 38.0246)
(0.383976, 179.192, 38.2855)
(-3.4835, 179.933, 38.8951)
(-7.30114, 180.846, 39.5189)
(-11.0816, 182.15, 40.143)
(-14.7277, 183.426, 40.842)
(-18.176, 184.698, 41.5023)
(-21.3199, 185.929, 41.8943)
(-24.074, 187.056, 42.3251)
(-26.4133, 188.086, 42.6507)
(-28.1047, 189.001, 42.9948)
(-29.5167, 189.805, 43.2101)
(-30.5088, 190.631, 43.3456)
(-31.1568, 191.229, 43.3849)
(-31.4074, 191.548, 43.3683)
(-31.4149, 192.01, 43.1778)
(-31.1136, 192.418, 42.9403)
(-30.2429, 193.105, 42.5269)
(-28.6431, 193.855, 41.9306)
(-26.4266, 194.417, 41.3063)
(-23.4736, 194.813, 40.6149)
(-20.2217, 195.269, 39.9368)
(-16.8852, 195.28, 39.2347)
(-13.3331, 195.144, 38.5198)
(-9.62568, 195.494, 37.7012)
(-5.91281, 195.82, 36.9984)
(-2.11766, 195.978, 36.3843)
(1.49495, 196.128, 35.6867)
(5.01736, 196.337, 34.9535)
(8.60699, 196.604, 34.1538)
(12.2838, 196.985, 33.3638)
(15.7565, 197.377, 32.6838)
(19.2593, 197.612, 32.0293)
(22.725, 197.86, 31.4416)
(25.9974, 198.082, 30.8598)
(29.3297, 198.405, 30.2858)
(32.5582, 198.737, 29.7504)
(35.72, 198.896, 29.1468)
(38.9685, 199.185, 28.5767)
(42.0829, 199.385, 27.9532)
(45.0847, 199.664, 27.4886)
(47.9863, 199.986, 27.0634)
(50.7579, 200.214, 26.7104)
(53.3876, 200.42, 26.3865)
(55.8624, 200.534, 26.1204)
(58.2019, 200.594, 25.9097)
(60.2906, 200.595, 25.7714)
(62.2862, 200.586, 25.6762)
(64.0583, 200.533, 25.6253)
(65.5041, 200.291, 25.573)
(66.6987, 199.68, 25.5534)
(67.7032, 198.62, 25.6157)
(68.4778, 197.128, 25.6932)
(68.775, 195.063, 25.8809)
(68.6402, 192.517, 26.1614)
(68.0706, 189.532, 26.512)
(67.0938, 186.124, 26.6489)
(65.7884, 182.011, 27.0199)
(64.1435, 177.939, 27.3485)
(62.1973, 173.669, 27.7699)
(59.9304, 169.026, 28.0679)
(57.5106, 164.676, 28.2191)
(54.8526, 160.351, 28.3599)
(52.0619, 156.106, 28.5412)
(49.0801, 151.992, 28.5319)
(46.1, 148.19, 28.5405)
(43.0624, 144.553, 28.5464)
(39.9648, 140.901, 28.6992)
(36.9062, 137.763, 28.9171)
(33.4516, 134.882, 29.5503)
(30.2475, 132.385, 29.694)
(27.0902, 130.359, 29.682)
(23.7867, 128.68, 29.733)
(20.3189, 127.176, 29.8408)
(16.7334, 125.633, 30.0863)
(13.1375, 124.22, 30.5666)
(9.7146, 123.287, 30.9681)
(6.37008, 122.354, 31.4709)
(2.98557, 121.366, 32.0845)
(-0.511611, 120.11, 32.9128)
(-3.99302, 118.895, 33.7202)
(-7.25695, 117.332, 34.7434)
(-10.3686, 115.994, 35.4944)
(-13.4302, 114.52, 36.3018)
(-16.1661, 113.176, 36.8268)
(-18.6803, 111.98, 37.4739)
(-20.558, 110.312, 37.6544)
(-22.3007, 108.58, 38.0047)
(-24.3654, 107.79, 39.45)
(-25.1054, 105.44, 39.8542)
(-25.5587, 103.259, 40.0512)
(-25.5235, 101.377, 40.2149)
(-25.3913, 99.6719, 40.2718)
(-24.9653, 97.9584, 40.4497)
(-24.2057, 96.4872, 40.4226)
(-23.3884, 95.5065, 40.2412)
(-22.0748, 94.0193, 40.1997)
(-20.3445, 92.4807, 39.9079)
(-18.3581, 90.7635, 39.8055)
(-16.1935, 89.589, 39.3651)
(-13.453, 87.634, 39.086)
(-10.4227, 85.852, 38.7531)
(-7.61789, 84.4149, 38.3645)
(-4.24854, 82.7923, 37.9249)
(-0.92587, 81.3477, 37.4656)
(2.1556, 80.0978, 37.081)
(5.57477, 78.7491, 36.8243)
(8.92736, 77.6945, 36.3804)
(12.1092, 76.9488, 35.9502)
(15.3974, 76.2897, 35.5598)
(18.7275, 75.7269, 35.2845)
(22.1153, 75.5791, 34.8176)
(25.6104, 75.6067, 34.3979)
(29.334, 75.8953, 33.9733)
(33.3884, 76.4143, 33.417)
(37.6441, 77.1137, 32.8803)
(42.1431, 77.5853, 32.3928)
(46.793, 78.5102, 31.7964)
(51.4726, 78.768, 31.1377)
(56.4952, 79.4736, 30.4716)
(61.5113, 80.7902, 30.0916)
(66.6483, 81.9046, 29.7423)
(71.6341, 83.0496, 29.5201)
(76.4907, 84.0995, 29.2358)
(80.7705, 84.4774, 29.0836)
(86.1953, 86.0542, 28.9475)
(90.4997, 87.097, 28.8826)
(94.685, 88.3975, 29.1198)
(98.8294, 88.3858, 28.6558)
(103.509, 89.1661, 28.6144)
(107.642, 91.0419, 28.4977)
(111.942, 93.1604, 28.4031)
(114.668, 93.6483, 28.462)
(119.151, 94.2505, 28.7779)
(121.533, 94.4161, 28.7247)
(124.451, 95.8445, 27.8894)
(127.214, 96.6626, 27.347)
(129.169, 96.9493, 27.0923)
(130.759, 96.0856, 27.1071)
(133.683, 96.9881, 27.0493)
(139.542, 99.6833, 27.5726)
(138.237, 95.7437, 29.0837)
(143.12, 98.9867, 28.1091)
(146.593, 102.046, 27.7988)
(148.646, 102.871, 27.9953)
(149.954, 103.701, 28.1601)
(150.5, 103.63, 28.0304)
(151.711, 103.9, 28.0886)
(151.937, 104.169, 28.3888)
(152.643, 105.086, 28.5838)
(157.724, 109.444, 29.0713)
(159.815, 111.237, 29.2719)
(159.806, 111.165, 29.2996)
(159.804, 111.153, 29.3041)
(159.849, 111.017, 29.2344)
(159.586, 110.409, 28.4205)
(160.53, 110.137, 28.3962)
(161.121, 109.788, 28.4501)
(156.314, 104.268, 29.6065)
(156.111, 105.777, 31.8741)
(155.626, 105.882, 33.1167)
(155.525, 106.062, 34.2621)
(153.412, 103.938, 33.5775)
(152.619, 104.66, 32.2246)
(150.495, 104.358, 31.3738)
(147.015, 103.359, 30.4134)
(143.126, 100.331, 29.1052)
(139.428, 100.027, 28.3506)
(135.829, 100.048, 27.8229)
(132.969, 100.285, 27.2124)
(129.593, 100.25, 27.5656)
(127.032, 100.186, 27.3243)
(124.367, 100.086, 27.0443)
(121.814, 100.296, 26.6202)
(119.219, 99.9296, 26.4088)
(115.398, 99.2474, 26.3925)
(112.219, 99.5557, 26.3883)
(109.494, 99.5505, 26.6807)
(106.225, 99.0666, 27.1894)
(103.006, 99.3875, 27.9309)
(99.5567, 99.8227, 27.6754)
(96.1847, 99.2507, 28.7801)
(92.4893, 99.5133, 28.3899)
(88.7872, 99.5603, 28.0654)
(85.2366, 99.2407, 27.5783)
(81.6962, 99.6577, 27.2714)
(78.0718, 99.571, 27.0487)
(74.3959, 99.3785, 27.7108)
(70.8573, 99.5713, 27.8177)
(67.6791, 99.3514, 29.2401)
(64.1633, 99.3396, 29.8879)
(60.4133, 99.8987, 29.8444)
(56.0609, 99.4788, 28.7967)
(52.3506, 99.0846, 28.1864)
(48.6085, 99.2949, 27.8927)
(44.8429, 99.4051, 27.6189)
(41.2417, 99.4472, 27.6597)
(37.5128, 99.5181, 27.754)
(33.6821, 99.703, 27.7077)
(30.09, 100.126, 27.7558)
(26.3733, 100.548, 27.9119)
(22.6595, 100.85, 28.1064)
(18.8761, 100.879, 28.6408)
(15.0212, 101.063, 29.1775)
(11.2363, 101.038, 29.8708)
(7.23246, 101.242, 30.4924)
(2.95293, 101.677, 31.0419)
(-1.1551, 102.208, 31.4604)
(-5.42828, 102.522, 32.2967)
(-9.69855, 102.691, 33.0301)
(-14.0262, 103.089, 33.9138)
(-19.7064, 105.407, 36.1704)
(-24.329, 105.856, 37.7477)
(-28.7018, 105.931, 38.6302)
(-32.7704, 105.783, 39.4308)
(-36.8136, 105.944, 40.1467)
(-40.7157, 106.088, 40.8591)
(-45.4499, 106.595, 41.8728)
(-49.8663, 106.905, 42.2184)
(-55.0634, 107.929, 43.5731)
(-59.1137, 108.236, 43.9971)
(-62.5579, 108.793, 44.4764)
(-66.6319, 109.199, 45.4794)
(-71.1298, 110.466, 46.926)
(-74.7859, 111.068, 48.0167)
(-78.9705, 111.952, 48.6959)
(-83.052, 113.659, 49.1672)
(-85.8002, 114.626, 49.4246)
(-87.9473, 115.855, 49.3499)
(-90.6765, 117.175, 50.1696)
(-93.0743, 118.485, 50.7534)
(-94.4099, 119.469, 50.5143)
(-97.2534, 120.93, 50.4329)
(-100.865, 123.518, 52.0189)
(-102.037, 124.552, 51.9443)
(-104.576, 126.113, 53.1938)
(-106.241, 127.339, 54.3209)
(-107.621, 128.376, 54.7251)
(-107.498, 128.467, 54.4414)
(-107.857, 128.942, 54.3193)
(-107.755, 129.154, 54.1346)
(-107.665, 129.503, 53.8165)
(-107.559, 129.602, 53.7119)
(-107.517, 129.639, 53.6649)
(-106.984, 129.862, 53.1466)
(-105.303, 129.955, 51.82)
(-103.381, 129.638, 51.2395)
(-101.619, 129.084, 50.9187)
(-99.754, 128.817, 50.348)
(-95.9904, 128.306, 49.2819)
(-92.6094, 127.837, 48.0084)
(-89.132, 127.4, 47.2084)
(-85.3172, 126.646, 46.6334)
(-82.1048, 125.82, 45.6385)
(-79.0955, 125.505, 44.3474)
(-75.2299, 125.079, 43.5397)
(-69.8822, 124.815, 42.232)
(-64.4332, 124.697, 40.6616)
(-58.8212, 124.51, 39.0779)
(-53.0632, 124.432, 37.3063)
(-46.4322, 124.364, 35.7837)
(-40.6865, 124.656, 34.2569)
(-35.3178, 125.056, 33.0729)
(-28.8963, 125.432, 31.472)
(-22.2979, 126.09, 29.9733)
(-15.6697, 127.146, 28.6882)
(-9.37153, 128.639, 27.6466)
(-3.18862, 130.469, 26.881)
(2.44938, 132.621, 26.2536)
(7.95242, 135.605, 25.8844)
(13.222, 139.215, 25.7429)
(18.2206, 143.415, 26.0958)
(22.958, 148.147, 26.1427)
(27.3301, 152.994, 26.2358)
(31.2916, 157.835, 26.3629)
(35.1356, 163.144, 26.6455)
(38.6378, 168.623, 27.0282)
(41.8302, 174.219, 27.6588)
(44.6062, 180.165, 28.0982)
(47.1124, 186.168, 28.5794)
(49.3889, 192.501, 28.996)
(51.3556, 198.866, 29.3787)
(53.0472, 205.446, 29.5507)
(54.7315, 212.403, 29.8035)
(56.2224, 219.438, 30.1994)
(57.3807, 226.552, 29.7881)
(58.5568, 233.464, 29.3441)
(59.8347, 241.602, 29.4849)
(61.1832, 250.244, 30.1167)
(62.3361, 257.91, 30.0138)
(63.7034, 265.952, 29.555)
(65.2876, 274.8, 29.3616)
(66.2515, 283.207, 29.2605)
(67.2505, 291.926, 29.4947)
(68.3039, 300.365, 29.8074)
(69.7549, 309.222, 30.295)
(70.8921, 316.894, 30.6648)
(72.2699, 324.909, 30.9844)
(73.5117, 332.516, 31.7878)
(74.7016, 341.516, 33.4691)
(76.0412, 347.965, 34.0406)
(76.8874, 355.037, 35.3023)
(77.7765, 362.182, 36.9337)
(78.68, 369.19, 38.6158)
(79.0476, 374.28, 39.5739)
(79.131, 379.937, 41.3924)
(79.13, 385.125, 43.6833)
(78.8678, 389.335, 45.6731)
(78.4403, 390.909, 46.6413)
(78.0479, 391.015, 47.016)
(77.7204, 391.372, 47.618)
(77.4027, 391.038, 48.0137)
(76.6474, 389.45, 48.5566)
(75.6387, 386.009, 48.6815)
(74.6384, 381.615, 48.422)
(74.1419, 375.578, 47.7808)
(73.7054, 368.803, 46.9978)
(73.3699, 364.049, 46.2436)
(73.1779, 359.289, 45.3521)
(72.9971, 353.109, 44.5508)
(72.3671, 346.111, 43.7707)
(71.3969, 332.804, 42.4549)
(71.075, 323.115, 41.9255)
(69.1869, 309.521, 40.2693)
(67.8339, 298.316, 39.2124)
(66.7076, 288.788, 38.644)
(65.345, 279.773, 37.7978)
(64.1112, 271.275, 36.4952)
(62.5785, 263.23, 35.8302)
(61.7831, 255.427, 35.6813)
(60.1227, 247.288, 35.0173)
(58.7214, 239.434, 34.8934)
(57.3372, 232.063, 34.081)
(56.4697, 224.835, 33.2381)
(55.2045, 218.068, 32.6932)
(54.0737, 210.813, 31.9055)
(52.8509, 203.887, 31.3371)
(51.7127, 197.152, 31.1152)
(50.6039, 190.189, 30.9699)
(49.6354, 183.759, 30.8805)
(48.8686, 177.48, 30.3132)
(47.8751, 171.405, 29.7309)
(47.1356, 165.029, 29.5184)
(46.4259, 159.115, 29.5561)
(45.6349, 153.623, 29.584)
(45.0332, 148.483, 29.6182)
(44.2908, 143.362, 29.8678)
(43.6677, 138.489, 29.7001)
(43.1425, 134.334, 29.6568)
(42.8389, 130.724, 29.6156)
(42.4122, 127.415, 29.7122)
(41.9789, 124.064, 29.7238)
(41.6074, 121.103, 29.6156)
(41.2776, 118.669, 29.621)
(40.8857, 116.441, 29.6948)
(40.5406, 114.459, 29.6457)
(40.1456, 112.549, 29.7007)
(39.7313, 110.979, 29.7412)
(39.3924, 109.503, 29.7827)
(39.0278, 108.165, 29.8764)
(38.7114, 107.1, 30.0009)
(38.3658, 106.047, 30.1623)
(38.0272, 105.065, 30.3498)
(37.7464, 104.287, 30.5073)
(37.5468, 103.346, 30.795)
(37.2977, 102.419, 31.0598)
(37.0945, 101.571, 31.3199)
(36.8498, 100.958, 31.4623)
(36.7167, 100.336, 31.6493)
(36.5561, 99.9031, 31.7549)
(36.3652, 99.2957, 31.7519)
(36.2093, 98.7897, 31.7825)
(36.0995, 98.5107, 31.785)
(36.0192, 98.3281, 31.7749)
(35.9672, 98.2145, 31.7598)
(35.9439, 98.1728, 31.7455)
(35.9399, 98.1437, 31.7414)
(35.9399, 98.1463, 31.7368)
(35.9462, 98.1811, 31.7189)
(35.9722, 98.3779, 31.6697)
(35.9671, 98.6339, 31.6107)
(35.903, 99.2687, 31.4905)
(35.8348, 100.009, 31.3466)
(35.8312, 100.868, 31.2518)
(35.8507, 101.425, 31.3423)
(35.7662, 102.313, 31.3327)
(35.776, 103.116, 31.4635)
(35.7262, 103.773, 31.5262)
(35.6572, 104.429, 31.565)
(35.5593, 105.164, 31.5417)
(35.4606, 106.021, 31.4679)
(35.4263, 107.023, 31.2789)
(35.3724, 107.652, 31.1672)
(35.374, 108.139, 31.0694)
(35.3759, 108.543, 30.9934)
(35.3969, 108.9, 30.9348)
(35.4165, 109.01, 30.9976)
(35.4667, 109.2, 31.0677)
(35.5449, 109.359, 31.1688)
(35.6517, 109.556, 31.2539)
(35.7926, 109.806, 31.3113)
(35.946, 110.014, 31.4341)
(36.1929, 110.257, 31.6773)
(36.4577, 110.978, 31.7498)
(36.7687, 111.807, 31.6908)
(37.1065, 112.635, 31.5393)
(37.4555, 113.524, 31.298)
(37.8157, 114.44, 31.0732)
(38.2056, 115.491, 30.8226)
(38.6192, 116.587, 30.5904)
(38.9554, 117.461, 30.4184)
(39.2659, 118.409, 30.3011)
(39.4858, 119.128, 30.2432)
(39.5987, 119.569, 30.2193)
(39.6744, 119.943, 30.2182)
(39.7038, 120.178, 30.2275)
(39.7059, 120.364, 30.2404)
(39.7074, 120.505, 30.2502)
(39.7045, 120.617, 30.2602)
(39.6809, 120.698, 30.278)
(39.635, 120.767, 30.3039)
(39.5805, 120.822, 30.3382)
(39.5182, 120.835, 30.3748)
(39.4533, 120.846, 30.4116)
(39.3473, 120.849, 30.4634)
(39.2303, 120.866, 30.5128)
(39.0958, 120.873, 30.5657)
(38.9607, 120.884, 30.6168)
(38.8376, 120.878, 30.6803)
(38.7213, 120.881, 30.7424)
(38.6255, 120.893, 30.7988)
(38.5334, 120.913, 30.8549)
(38.454, 120.946, 30.909)
(38.3875, 120.987, 30.9598)
(38.3345, 121.049, 31.0158)
(38.2887, 121.144, 31.0833)
(38.2531, 121.272, 31.1523)
(38.2381, 121.453, 31.2292)
(38.2286, 121.628, 31.3012)
(38.2154, 121.827, 31.3619)
(38.1868, 122.029, 31.4154)
(38.1314, 122.154, 31.459)
(38.0556, 122.248, 31.5009)
(37.9828, 122.342, 31.5322)
(37.8955, 122.485, 31.5496)
(37.8005, 122.634, 31.5651)
(37.6998, 122.798, 31.581)
(37.5942, 123.021, 31.5995)
(37.4406, 123.409, 31.6265)
(37.3011, 123.962, 31.6832)
(37.1977, 124.62, 31.7377)
(37.1808, 125.379, 31.8646)
(37.192, 126.257, 31.971)
(37.2536, 127.148, 32.0413)
(37.3663, 127.929, 32.0918)
(37.5199, 128.792, 32.1116)
(37.685, 129.657, 32.129)
(37.8543, 130.502, 32.1366)
(38.0105, 131.4, 32.0783)
(38.1678, 132.386, 31.9675)
(38.3394, 133.426, 31.8117)
(38.5504, 134.632, 31.6108)
(38.7521, 136.019, 31.3145)
(38.9193, 137.536, 31.0164)
(39.0611, 139.054, 30.7773)
(39.2322, 140.776, 30.5495)
(39.6045, 143.152, 30.1048)
(40.081, 145.533, 29.6617)
(40.6628, 148.188, 29.2451)
(41.3523, 151.194, 28.5991)
(41.9816, 154.114, 28.0287)
(42.6665, 156.957, 27.5078)
(43.4353, 159.579, 27.1418)
(44.1762, 162.395, 26.8595)
(44.9596, 165.238, 26.6299)
(45.6515, 168.146, 26.3467)
(46.4647, 171.257, 26.0136)
(47.2306, 174.192, 25.7931)
(48.0236, 177.136, 25.6405)
(48.786, 179.838, 25.5911)
(49.6064, 182.657, 25.7057)
(50.5077, 185.612, 25.7937)
(51.2424, 188.312, 25.7341)
(51.8992, 190.694, 25.5765)
(52.4629, 192.864, 25.6168)
(53.087, 195.107, 25.6914)
(53.5601, 197.268, 25.8174)
(54.1714, 199.496, 25.778)
(54.5866, 201.364, 25.7879)
(55.0665, 203.191, 25.8052)
(55.5491, 205.073, 25.6807)
(56.0755, 206.85, 25.6805)
Exited
